time;branches;diameter
0;0;10
1000;0;10
2000;0;10
3000;0;10
4000;0;10
5000;0;10.3967
6000;0;10.5433
7000;0;10.65
8000;0;10.76
9000;0;11.04
10000;0;11.4467
11000;0;12.1033
12000;0;13.1333
13000;0;14.16
14000;0;15.13
15000;0;16.1533
16000;1;14.4997
17000;1;14.9225
18000;2;13.3225
19000;2;13.9868
20000;6;11.3847
21000;6;12.0024
22000;9;11.2804
23000;9;11.9265
24000;15;10.4373
25000;20;9.30412
26000;26;8.88946
27000;26;9.32326
28000;26;9.42898
29000;25;9.65938
30000;35;8.65128
31000;34;8.81633
32000;38;8.38149
33000;41;7.90781
34000;41;8.11097
35000;41;8.08283
