time;branches;diameter
0;3;9.17232
1000;3;9.31471
2000;3;9.30975
3000;3;9.3608
4000;3;9.3558
5000;3;9.6842
6000;3;9.70034
7000;3;10.0211
8000;3;9.8621
9000;3;10.2702
10000;3;10.7707
11000;3;11.303
12000;4;11.3554
13000;4;12.2663
14000;5;11.1587
15000;5;11.6671
16000;7;11.5982
17000;6;13.2223
18000;6;12.1162
19000;12;10.4584
20000;15;10.2672
21000;17;9.78675
22000;17;9.17647
23000;19;9.55516
24000;25;9.1014
25000;29;8.08796
26000;33;8.37659
27000;29;8.70959
28000;34;8.94082
29000;39;8.55733
30000;41;8.38603
31000;53;7.61648
32000;52;7.59026
33000;55;7.54505
34000;55;7.41198
35000;58;7.2386
36000;54;7.28235
37000;55;7.29614
38000;56;7.48567
39000;57;7.28017
40000;52;7.38617
