time;branches;diameter
0;0;10
1000;0;10
2000;0;10
3000;0;10
4000;0;10
5000;0;10
6000;0;10
7000;0;10.01
8000;0;10.24
9000;0;10.53
10000;0;10.7733
11000;0;11.0867
12000;0;11.3433
13000;0;11.5867
14000;0;11.7867
15000;0;12.0667
16000;0;12.43
17000;0;12.79
18000;1;9.3524
19000;1;9.65987
20000;1;9.57132
21000;1;9.86121
22000;1;10.1618
23000;1;10.439
24000;1;10.818
25000;1;11.0959
26000;1;11.4912
27000;1;11.8334
28000;1;12.1843
29000;1;12.3602
30000;1;12.478
31000;1;12.751
32000;1;12.9718
33000;2;10.8778
34000;2;10.867
35000;5;9.71688
36000;5;9.79774
37000;5;9.91755
38000;5;10.1125
39000;5;9.90021
40000;5;10.2884
41000;5;10.4612
42000;5;10.6445
43000;5;10.7696
44000;5;11.0502
45000;5;11.1287
46000;5;11.2479
47000;5;11.3041
48000;8;9.82221
49000;8;9.9541
50000;11;9.28325
51000;11;9.35267
52000;11;9.30649
53000;11;9.27569
54000;11;9.30904
55000;11;9.48376
56000;11;9.50213
57000;11;9.48002
58000;11;9.4386
59000;11;9.69499
60000;11;9.68437
61000;11;9.73906
62000;14;8.86038
63000;14;8.89227
64000;14;8.82604
65000;14;9.07516
66000;14;9.06884
67000;14;9.1213
68000;14;9.27971
69000;14;9.1514
70000;14;9.36089
71000;14;9.32333
72000;14;9.30167
73000;14;9.30738
74000;17;8.88543
75000;20;8.72691
76000;20;8.61495
77000;17;8.98518
78000;20;8.53708
79000;20;8.5247
80000;20;8.5842
81000;20;8.57508
82000;22;8.6659
83000;23;8.55986
84000;23;8.56862
85000;23;8.54967
86000;23;8.6071
