time;branches;diameter
0;0;10
1000;0;10
2000;0;10
3000;0;10
4000;0;10
5000;0;10
6000;0;10
7000;0;10.01
8000;0;10.24
9000;0;10.53
10000;0;10.7733
11000;0;11.0867
12000;0;11.3433
13000;0;11.5867
14000;0;11.7867
15000;0;12.0667
16000;0;12.43
17000;0;12.79
18000;1;9.45238
19000;1;9.53165
20000;1;9.63495
21000;1;9.90647
22000;1;10.0692
23000;1;10.5628
24000;1;10.9474
25000;1;11.1277
26000;1;11.5534
27000;2;9.29191
28000;2;9.39504
29000;2;9.60684
30000;2;9.85569
31000;2;10.0047
32000;4;9.04108
33000;4;9.26588
34000;4;9.35095
35000;4;9.64715
36000;4;9.89246
37000;5;10.208
38000;5;10.3162
39000;5;10.4804
40000;5;10.5202
41000;5;10.5479
42000;5;10.7082
43000;7;9.30519
44000;10;8.48152
45000;10;8.55961
46000;10;8.71422
47000;10;8.86464
48000;10;9.15776
49000;16;7.50213
50000;16;7.58293
51000;16;7.58713
52000;16;7.76481
53000;16;7.87666
54000;16;7.83762
55000;16;7.93132
56000;16;8.10823
57000;16;8.1233
58000;21;7.13935
59000;25;7.12225
60000;24;7.06273
61000;25;7.10383
62000;23;7.20747
63000;25;7.17306
64000;24;7.13449
65000;23;7.12472
66000;25;7.28654
67000;25;7.33007
68000;25;7.28461
69000;24;7.28674
70000;24;7.29527
71000;24;7.35781
72000;25;7.26532
73000;21;7.35836
74000;21;7.37604
75000;22;7.43223
76000;21;7.58189
77000;22;7.5526
78000;21;7.52921
79000;22;7.46074
80000;21;7.50067
81000;22;7.5897
82000;21;7.46965
83000;21;7.52617
84000;21;7.46043
85000;21;7.60563
86000;20;7.50694
87000;22;7.45493
88000;21;7.73285
89000;21;7.58403
90000;21;7.71329
91000;22;7.69603
92000;22;7.70689
93000;21;7.73231
94000;21;7.768
95000;21;7.73153
96000;21;7.7326
97000;20;7.76054
98000;21;7.63375
99000;23;7.73948
100000;24;7.66625
101000;23;7.80985
102000;25;7.75925
103000;24;7.70979
104000;25;7.70143
105000;25;7.76391
106000;24;7.72236
107000;25;7.73624
108000;25;7.8679
109000;25;7.76155
110000;22;7.8599
111000;23;7.80398
112000;24;7.7781
113000;23;7.75483
114000;24;7.85595
115000;25;7.7985
116000;24;7.89813
117000;25;7.731
118000;24;7.89021
119000;25;7.81153
120000;24;7.86194
121000;24;7.86718
122000;23;7.8982
123000;24;7.97207
124000;24;7.86621
125000;24;7.91525
126000;24;8.00997
127000;25;7.97363
128000;23;7.94139
129000;26;7.94811
130000;24;8.02287
131000;23;8.13827
132000;24;8.12832
133000;24;8.15695
134000;24;8.22981
135000;23;8.21886
136000;24;8.30905
137000;28;7.73511
138000;30;7.76171
139000;30;7.71374
140000;28;7.7649
141000;31;7.68276
142000;30;7.70619
143000;29;7.76847
144000;28;7.85485
