time;branches;diameter
0;0;10
1000;0;10
2000;0;10
3000;0;10
4000;0;10
5000;0;10.3967
6000;0;10.5433
7000;0;10.65
8000;0;10.76
9000;0;11.16
10000;0;12.0667
11000;0;13.6167
12000;0;15.5833
13000;0;17.6133
14000;10;8.4425
15000;10;9.14711
16000;19;8.73667
17000;19;9.15373
18000;20;8.69133
19000;19;9.66348
20000;28;8.45339
21000;28;8.42635
22000;28;8.78414
23000;28;9.05611
24000;27;9.17569
25000;31;8.62914
26000;32;8.7211
27000;31;8.84718
28000;37;7.52846
29000;37;7.60687
30000;40;7.16018
31000;40;7.05326
32000;41;7.21205
33000;40;7.26706
