time;branhces;diameter
0;0;10
1000;0;10
2000;0;10
3000;0;10
4000;0;10
5000;0;10
6000;0;10
7000;0;10.01
8000;0;10.3533
9000;0;10.7667
10000;0;11.0833
11000;0;11.43
12000;0;11.6367
13000;0;11.82
14000;0;12.0233
15000;0;12.1567
16000;0;12.2467
17000;0;12.3567
18000;0;12.7167
19000;0;13.1867
20000;0;14.0567
21000;0;15.03
22000;0;15.57
23000;4;10.1091
24000;4;10.3575
25000;6;9.14983
26000;4;10.7393
27000;4;10.7512
28000;4;10.7107
29000;4;10.9652
30000;4;11.1645
31000;4;11.232
32000;9;8.94377
33000;12;8.45232
34000;12;8.36432
35000;12;8.35015
36000;12;8.48774
37000;12;8.41958
38000;12;8.59424
39000;12;8.50909
40000;12;8.49885
41000;12;8.46094
42000;12;8.37471
43000;12;8.51563
44000;12;8.65043
45000;12;9.0032
46000;12;9.34211
47000;12;9.75283
48000;12;10.1215
49000;12;10.357
50000;11;10.2937
51000;14;9.91048
52000;15;9.96222
53000;15;10.1009
54000;18;9.26455
55000;18;9.46974
56000;18;9.32622
57000;17;9.57155
58000;17;9.66504
59000;18;9.69077
60000;17;9.79855
61000;21;8.95782
62000;21;9.11966
63000;21;9.02432
64000;24;8.49754
65000;21;8.81629
66000;21;8.79332
67000;21;8.85665
68000;21;8.80304
69000;23;8.18649
70000;23;8.37959
71000;24;8.34674
72000;26;8.37108
73000;26;8.34881
74000;26;8.48802
75000;27;8.60101
76000;28;8.1068
77000;27;8.2337
78000;30;8.2558
79000;29;8.18302
80000;28;8.27415
81000;29;8.26529
82000;33;8.27411
83000;32;8.28411
84000;31;8.23983
85000;29;8.42895
86000;29;8.3529
87000;29;8.38438
88000;28;8.68258
89000;28;8.62365
90000;29;8.67921
91000;29;8.25033
92000;31;8.40112
93000;31;8.31168
94000;31;8.28482
95000;31;8.39848
96000;33;8.22375
97000;31;8.36972
98000;32;8.44802
99000;32;8.46516
100000;31;8.6239
101000;33;8.18254
102000;35;8.18985
103000;36;8.12779
104000;36;8.13112
