time;branches;diameter
0;2;9.47398
1000;2;9.51648
2000;2;9.49154
3000;2;9.47911
4000;2;9.47911
5000;2;9.51648
6000;2;9.572
7000;2;9.48859
8000;3;9.40318
9000;2;9.74402
10000;2;9.57821
11000;3;9.53032
12000;4;9.63152
13000;4;9.31866
14000;4;9.52294
15000;4;9.66645
16000;4;9.11635
17000;4;9.3041
18000;4;9.35021
19000;4;9.50771
20000;5;9.83254
21000;6;9.09972
22000;7;9.19005
23000;7;8.60443
24000;7;8.64869
25000;12;8.49785
26000;12;8.94608
27000;10;8.21262
28000;9;8.36048
29000;11;8.3783
30000;11;8.3215
31000;11;8.33018
32000;12;8.30362
33000;15;8.23957
34000;13;8.36821
35000;15;8.21595
36000;15;8.26863
37000;15;8.30797
38000;19;8.20788
39000;15;8.33116
40000;18;8.22432
41000;16;8.14372
42000;16;8.1082
43000;15;8.16562
44000;19;8.33553
45000;18;8.54543
46000;19;8.24911
47000;21;8.0424
48000;21;8.81113
49000;21;8.15333
50000;19;8.2275
51000;28;7.64936
52000;26;7.84141
53000;26;7.84289
54000;27;7.80082
55000;26;7.97092
56000;25;7.90325
57000;26;7.77072
58000;27;7.63762
59000;28;7.79431
60000;30;7.67793
61000;26;7.98033
62000;22;8.06785
63000;26;8.04201
64000;26;7.97041
65000;24;8.1927
66000;25;8.16993
67000;26;8.17765
68000;26;8.12544
69000;24;7.92807
70000;27;7.9209
71000;27;7.93298
72000;25;8.104
73000;31;7.94936
74000;28;8.13311
75000;28;8.13011
76000;30;8.07035
77000;28;8.04725
78000;27;8.01321
79000;30;8.17044
80000;31;8.15156
81000;28;8.15522
82000;28;8.11031
83000;26;8.26857
84000;30;8.22852
85000;33;8.12816
86000;29;8.41796
87000;31;8.10114
88000;30;8.29654
89000;37;7.99157
90000;34;8.07588
91000;30;8.27101
92000;35;8.17701
93000;33;8.30177
94000;43;7.92263
95000;39;8.12962
96000;35;8.18748
97000;37;8.05947
98000;41;7.83948
99000;38;7.86445
100000;35;7.98344
101000;38;8.11681
102000;40;8.0476
103000;34;8.12645
104000;32;8.31311
105000;37;8.08924
106000;38;8.05152
107000;41;7.91918
108000;32;8.12827
109000;33;8.25941
110000;34;8.16119
111000;36;8.14469
112000;42;8.18712
113000;48;7.94823
114000;47;7.92794
115000;47;7.78008
116000;43;7.97182
117000;47;7.79321
118000;47;7.86681
119000;42;7.94125
120000;44;7.97641
121000;51;7.85687
122000;47;7.9517
123000;45;7.85244
124000;44;7.93558
125000;47;7.87989
126000;47;7.89917
127000;46;8.00437
128000;48;7.91395
129000;45;7.93169
130000;38;8.03305
131000;41;8.04133
132000;47;7.9163
133000;42;7.94301
134000;43;7.9634
135000;42;8.07527
