time;branches;diameter
0;0;10
1000;0;10
2000;0;10
3000;0;10
4000;0;10
5000;0;10.3967
6000;0;10.5433
7000;0;10.65
8000;0;10.76
9000;0;11.16
10000;0;12.0667
11000;0;13.6167
12000;0;15.5833
13000;0;17.6133
14000;10;8.38864
15000;10;9.02005
16000;18;8.76814
17000;19;9.20316
18000;20;8.66801
19000;22;8.7949
20000;25;8.64524
21000;31;8.13789
22000;30;8.28421
23000;31;8.46215
24000;31;8.72183
25000;34;7.89214
26000;40;6.88458
27000;40;6.81947
28000;37;7.25793
29000;37;7.27182
30000;37;7.38715
31000;36;7.38897
